4
5
6
133
134
135
136
137
138
139
147
148
149
150
151
152
153
154
155
156
157
158
159
160
164
165
169
170
171
172
173
174
175
176
177
178
179
180
181
182
203
204
205
206
207
208
209
210
211
212
213
214
215
216
217
218
219
220
221
222
223
224
225
226
227
228
229
230
231
232
233
234
235
237
238
239
240
242
243
244
245
247
248
249
250
252
253
254
255
256
257
258
259
260
261
262
263
264
265
266
267
268
269
270
271
272
273
274
275
276
277
278
279
280
281
282
283
284
285
286
287
288
289
290
291
292
293
294
295
296
297
298
299
300
301
302
303
304
305
306
307
308
309
310
311
312
313
314
315
316
317
318
319
320
321
322
323
324
325
326
327
328
329
330
331
332
333
334
335
336
337
338
339
340
341
342
343
344
345
346
347
348
349
350
351
352
353
354
355
356
357
358
359
360
361
362
363
364
365
366
367
372
373
374
375
376
377
381
382
383
384
385
386
387
388
389
390
391
392
426
427
428
429
430
431
432
433
434
435
436
437
438
439
440
441
442
443
444
445
446
447
448
449
450
451
452
453
454
455
461
462
463
464
465
466
467
468
469
470
471
472
473
474
475
476
477
478
479
480
481
482
483
484
485
486
497
498
499
500
501
502
503
510
511
512
513
514
515
516
517
518
519
520
521
522
523
524
537
538
539
540
541
542
543
544
545
546
547
548
549
550
551
552
553
554
555
556
557
558
559
560
561
562
563
564
565
566
567
568
569
570
580
581
583
584
585
586
587
592
593
594
595
596
597
598
599
600
601
602
603
604
605
606
607
608
609
610
611
612
613
614
615
621
622
623
624
625
626
627
628
629
630
631
657
658
659
660
661
662
663
664
665
666
667
668
669
670
671
672
673
679
680
681
682
683
690
691
692
703
704
705
712
713
714
715
716
717
718
719
720
721
722
723
724
725
726
727
728
729
730
731
732
733
734
735
736
737
738
745
746
747
748
749
750
751
752
754
755
756
763
764
765
766
767
768
769
770
771
772
773
774
775
776
786
787
788
789
797
798
799
800
801
802
803
804
805
806
807
808
809
810
811
812